0.930701
0.954225
0.964804
0.970202
0.9765199267357754
0.9814298873893347
0.9847377220397466
0.9870296281964002
0.9895856512598151
0.9914358655605162
0.992927159638296
0.9938517501454355
0.9947029337714217
0.9951894711230227
0.996044919113825
0.9962524661569119
0.9966733830126255
0.9969618296795361
0.9973583066240412
0.9975704728525279
0.9978551176493282
0.9980568513644466
0.998275641307539
0.9983644033997228
0.9984814866640694
0.9986055468923101
0.9987155764970241
0.9988054592989472
0.9989164044585339
0.9989702957935523
0.9990501728772012
0.9990892492618348
0.9991468251369204
0.9992017718562326
0.999249265243328
0.9992952168512784
0.9993140482229054
0.999360795938831
0.9993763467386579
0.9993947298247559
0.9994306873513902
0.9994536951055357
0.9994907491281069
0.9995080407191113
0.9995350029358049
0.9995514517407121
0.9995758886160934
0.9995951959483425
0.9996057241501469
0.9996244585883817
0.9996434125056278
0.9996515311842674
0.9996580621607867
0.9996669018398927
0.999662
0.999675
0.999687
0.999695
0.999705
0.999711
0.999722
0.999728
0.999735
0.999740
0.999748
0.999754
0.999759
0.999765
0.999772
0.999777
0.999780
0.999783
0.999785
0.999795
0.999800
0.999803