20.986807149372477
21.42198199431634
21.881187894547594
22.204772941316128
22.50
22.74007259511737
23.04639587992539
23.2541444892981
23.402426371620103
23.548518357460274
23.69069937453952
23.76353564808238
23.83903164908652
23.927894973768964
24.01418088101107
24.060714442279796
24.089945588360978
24.142551589035037
24.187755829634
24.22692765057141
24.268043017840853
24.292463509102873
24.322645008917533
24.333977411918404
24.35524316306484
24.380840970194868
24.40487481715246
24.416488706406128
24.450711319244533
24.46197194415484
24.470192294135487
24.485775840207886
24.512302780139507
24.523187041205162
24.531430803006216
24.53763963214533
24.554840482169176
24.559041081515744
24.562699964030898
24.568262209136044
24.58694716900554
24.590754064373016
24.593775075720124
24.598825551920903
24.613468581004845
24.617295559834474
24.630341491706787
24.64463179090714
24.64845031713991
24.651479906170323
24.653926761373945
24.655933878786875
24.65760277598551
24.662971504477994
24.669306049706506
24.676214211951773
24.681903351949003
24.686348257458974
24.69784134593445
24.70650343645491
24.71526722312734
24.7191390971012
24.72803141297951
24.731452452970302
24.734187524547707
24.736411343558444
24.738246227079358
24.73977976968378
24.741075994760152
24.74218256875257
24.74313557749639
24.74396275638091
24.747710319728355
24.751036826247486
24.75370141867424
24.758688860837786