18.589776
19.314821
19.937711
20.472074
20.930114
21.322698
21.659427
21.948712
22.197851
22.413126
22.599888
22.762667
22.905271
23.030879
23.142142
23.241256
23.330043
23.410012
23.482411
23.548279
23.608482
23.663742
23.714662
23.761755
23.805454
23.846127
23.884091
23.919618
23.952943
23.984271
24.013782
24.041635
24.067968
24.092906
24.116558
24.139024
24.160392
24.180742
24.200145
24.218668
24.236368
24.253302
24.269517
24.285059
24.299969
24.314285
24.328042
24.341274
24.354008
24.366273
24.378095
24.389497
24.400501
24.411127
24.421396
24.431325
24.440929
24.450226
24.459230
24.467953
24.476410
24.484612
24.492570
24.500296
24.507799
24.515089
24.522174
24.529064
24.535766
24.542287
24.548636
24.554818
24.560840
24.566709
24.572429
24.578007
