1.419849
1.587572
1.704067
1.784760
1.862400
1.893485
1.917021
1.928201
1.939734
1.951818
1.959890
1.967097
1.968469
1.971401
1.972688
1.978677
1.982267
1.984085
1.985001
1.986157
1.987949
1.988754
1.991017
1.991313
1.991608
1.993174
1.993289
1.993604
1.994236
1.994457
1.994854
1.995384
1.995384
1.995862
1.996231
1.996347
1.996734
1.996864
1.996979
1.997187
1.997334
1.997436
1.997544
1.997741
1.997839
1.997959
1.998031
1.998120
1.998183
1.998304
1.998377
1.998377
1.998474
1.998586
1.998601
1.998628
1.998680
1.998767
1.998783
1.998849
1.998871
1.998942
1.998978
1.998998
1.999041
1.999077
1.999107
1.999112
1.999152
1.999165
1.999205
1.999219
1.999247
1.999258
1.999296
1.999296
1.999321
1.999340
1.999365
1.999370
1.999394
1.999403
1.999424
1.999442
1.999459
1.999469

