1.39208254
1.47477021
1.51042293
1.53153283
1.63592943
1.69372129
1.7575898
1.79203448
1.82315023
1.85470589
1.87424615
1.88424615
1.89457672
1.90192818
1.90995746
1.91539746
1.92530588
1.93203551
1.939269
1.94236658
1.94557839
1.94666347
1.94766347
1.95150442
1.95393495
1.95543495
1.9569391
1.95856878
1.9604356
1.96155719
1.96313872
1.96418992
1.96560915
1.96612826
1.96762198
1.967749
1.970215
1.970215
1.971270
1.971637
1.972540
1.973122
1.973530
1.974141
1.974638
1.975032
1.975554
1.976242
1.976495
1.976962
1.977329
1.978123
1.978137
1.978672
1.978907
1.979366
1.979640
1.979666
1.979938
1.979938
1.980036
1.980106
1.980185
1.980551
1.980763
1.980933
1.980978
1.981270
1.981792
1.982054
1.982191
1.983029
1.983029
1.983162
1.983285
1.983405
1.983405
1.983603
1.983952
1.984372
1.984372