0.935701
0.954225
0.964804
0.970202
0.975470
0.981195
0.984901
0.987298
0.988309
0.990209
0.991938
0.992949
0.994148
0.994627
0.995394
0.995885
0.996220
0.996618
0.996997
0.997147
0.997331
0.997664
0.997869
0.997956
0.998121
0.998178
0.998244
0.998311
0.998509
0.998567
0.998652
0.998713
0.998790
0.998862
0.998910
0.998967
0.999037
0.999062
0.999095
0.999152
0.999215
0.999251
0.999270
0.999293
0.999311
0.999327
0.999349
0.999369
0.999390
0.999408
0.999423
0.999444
0.999458
0.999476
0.999500
0.999516
0.999534
0.999555
0.999570
0.999589
0.999608
0.999622
0.999640
0.999651
0.999660
0.999672
0.999682
0.999695
0.999705
0.999712
0.999718
0.999724
0.999728
0.999731
0.999735
0.999737
