20.986807149372477
21.52198199431634
22.08553231980821
22.408183477812355
22.7021053814415
22.899863290203216
23.119870450750894
23.312173026435653
23.447229396633944
23.574190646002506
23.70406298094376
23.813086519090362
23.880480
23.980219
24.030536
24.123288
24.144259
24.212119
24.255186
24.289677
24.319894
24.351376
24.378367
24.413919
24.428082
24.452477
24.470941
24.497922
24.513852
24.527206
24.544718
24.555890
24.577298
24.584419
24.594130
24.605611
24.615689
24.627038
24.637679
24.643439
24.652565
24.658193
24.669956
24.674976
24.681144
24.687450
24.694577
24.703773
24.709558
24.712256
24.718969
24.725216
24.728925
24.731432
24.733765
24.736274
24.738962
24.741123
24.745526
24.747012
24.750591
24.753067
24.759025
24.762716
24.765327
24.767431
24.771118
24.773631
24.776647
24.778686
24.780360
24.781754
24.784614
24.788193
24.790147
24.794416
