1.39208254
1.47477021
1.51042293
1.54153283
1.63266429
1.68372129
1.73710167
1.77203448
1.79203448
1.81993921
1.84581297
1.86353907
1.87973104
1.89276686
1.89955101
1.90558427
1.91572002
1.92186188
1.92482616
1.92898771
1.93322886
1.9410229
1.94485691
1.94594066
1.94742054
1.94951368
1.95107868
1.95235282
1.95534812
1.95574663
1.95661848
1.96025995
1.96111323
1.96294833
1.96422398
1.96472221
1.96545756
1.96545756
1.96695302
1.96757555
1.96757555
1.9681132
1.97049249
1.97049249
1.97049249
1.97049249
1.97049249
1.97056143
1.97109593
1.97240295
1.97289904
1.97289904
1.97289904
1.97427132
1.97469337
1.97481932
1.9754896
1.97586532
1.97622705
1.97657542
1.97691106
1.97723451
1.97727136
1.97784697
1.97813695
1.97834381
1.97868661
1.9789471
1.97919852
1.97919852
1.97933748
1.97974402
1.97961688
1.97992327
1.97992327
1.98003974
1.98003974
1.98003974
1.98003974
1.98003974
1.98003974