16.285510
18.562268
20.485375
22.121710
22.899219
23.412418
23.809196
24.091981
24.270823
24.427051
24.514679
24.599635
24.659064
24.707960
24.744144
24.762665
24.794874
24.820767
24.837405
24.848856
24.871175
24.880792
24.890763
24.905484
24.911249
24.919563
24.924562
24.932096
24.934126
24.936792
24.941723
24.947100
24.950360
24.952116
24.954784
24.959766
24.961544
24.964092
24.965643
24.967859
24.968989
24.970315
24.971912
24.972618
24.974826
24.975278
24.976709
24.977980
24.978812
24.979742
24.980349
24.981425
24.982202
24.982834
24.983523
24.984081
24.984733
24.985177
24.985492
24.985724
24.986132
24.986789
24.987528
24.988022
24.988514
24.989015
24.989273
24.989466
24.989740
24.989865
24.990027
24.990431
24.990882
24.991210
24.991451
24.991632
24.991907
24.992095
24.992358
24.992615
24.992934
24.993130
24.993266
24.993382
24.993487
24.993766

