nan
nan
0.948024
1.059591
1.161752
1.254660
1.338433
1.413279
1.479551
1.537746
1.588483
1.632457
1.670401
1.703045
1.731088
1.755176
1.775896
1.793761
1.809218
1.822651
1.834382
1.844682
1.853778
1.861857
1.869073
1.875555
1.881409
1.886722
1.891567
1.896005
1.900087
1.903855
1.907346
1.910590
1.913613
1.916438
1.919085
1.921570
1.923908
1.926112
1.928193
1.930162
1.932028
1.933798
1.935480
1.937080
1.938605
1.940059
1.941448
1.942775
1.944045
1.945261
1.946427
1.947546
1.948620
1.949653
1.950646
1.951601
1.952522
1.953409
1.954265
1.955091
1.955889
1.956660
1.957405
1.958126
1.958824
1.959500
1.960155
1.960790
1.961406
1.962003
1.962583
1.963146
1.963693
1.964225
1.964742
1.965245
1.965735
1.966211
1.966675
