0.863512
0.890859
0.911845
0.928043
0.940633
0.950496
0.958288
0.964499
0.969493
0.973546
0.976866
0.979609
0.981896
0.983820
0.985452
0.986847
0.988049
0.989092
0.990002
0.990802
0.991509
0.992136
0.992697
0.993199
0.993651
0.994059
0.994430
0.994767
0.995074
0.995355
0.995613
0.995850
0.996069
0.996271
0.996458
0.996632
0.996793
0.996943
0.997083
0.997214
0.997336
0.997450
0.997558
0.997659
0.997754
0.997843
0.997927
0.998007
0.998082
0.998153
0.998220
0.998284
0.998344
0.998401
0.998456
0.998508
0.998557
0.998604
0.998649
0.998691
0.998732
0.998771
0.998808
0.998844
0.998878
0.998910
0.998942
0.998972
0.999000
0.999028
0.999054
0.999080
0.999104
0.999128
0.999151
0.999172
