18398.623442,15326.218820,15200.000000,18800.000000,22400.000000,17000.000000,16695.393479,15600.000000,20579.764258,0.001805,0.002272,0.000793,0.000555,0.000639,0.000847,0.001740,0.000557,0.000574,0.006300,0.005300,0.005900,0.007000,0.007500,0.006400,0.006200,0.006300,0.001000
18954.885973,15687.543996,16515.834528,19421.646118,22400.000000,17000.000000,17440.077176,15600.000000,20980.012209,0.002682,0.003128,0.003622,0.001578,0.000639,0.000852,0.002870,0.000557,0.001137,0.006200,0.005700,0.003100,0.006800,0.007500,0.006500,0.001900,0.006300,0.001000
19646.858399,15782.379426,16172.118601,21079.243026,23299.853146,17000.000000,17249.313241,15600.000000,22170.234162,0.003613,0.003307,0.002683,0.003440,0.001585,0.000838,0.002769,0.000557,0.002558,0.005900,0.005200,0.001000,0.001900,0.005400,0.006200,0.005100,0.006300,0.001000
20386.445269,16232.973644,15621.291088,21537.385361,24151.834709,17000.000000,18311.289790,16434.269887,22324.510252,0.004379,0.004190,0.001909,0.003963,0.002273,0.000829,0.004461,0.002509,0.002719,0.003800,0.005100,0.006200,0.002400,0.002700,0.006000,0.005700,0.006000,0.001000
19154.634872,17273.229564,16375.499333,21406.451478,25686.025309,18720.541347,17490.890173,17439.322174,22453.405751,0.002962,0.005409,0.003518,0.003831,0.003489,0.003566,0.002873,0.004199,0.002850,0.006000,0.000600,0.005900,0.002400,0.002300,0.002000,0.001300,0.003900,0.001000
20503.664547,18292.474590,17196.694087,21697.559749,24478.273598,17407.837439,18893.833685,17833.600312,23696.061993,0.004435,0.006820,0.004564,0.004031,0.002495,0.001689,0.004914,0.004863,0.003969,0.002700,0.001400,0.001200,0.001500,0.001900,0.006500,0.001400,0.005600,0.001000
20528.043183,17413.833328,19214.079522,22409.916178,24531.839710,20101.013556,18163.542505,17951.388395,23686.343623,0.004401,0.005531,0.006776,0.004665,0.002662,0.005404,0.004256,0.005072,0.003962,0.002000,0.000400,0.000300,0.001400,0.003500,0.005100,0.005700,0.006900,0.001000
20988.598751,18676.687340,18707.428814,22100.533753,25838.368302,19720.618570,20506.336895,17447.542861,24013.884714,0.004813,0.006963,0.006510,0.004556,0.003572,0.005037,0.006657,0.003938,0.004220,0.001500,0.000300,0.001300,0.003300,0.002000,0.006000,0.002500,0.001100,0.001000
22007.783742,18212.324593,19506.720223,24735.155494,27845.805464,18502.855337,19661.146509,18167.617453,23360.591186,0.005580,0.006470,0.007092,0.006252,0.004770,0.003482,0.005643,0.004936,0.003691,0.000700,0.000300,0.000400,0.001000,0.001600,0.005500,0.000700,0.000900,0.001000
22877.230798,17920.101478,19629.205765,24637.481431,26888.055987,21431.822993,20672.282953,17205.366040,24738.452555,0.006269,0.006248,0.007201,0.006224,0.004285,0.006212,0.006681,0.003338,0.004745,0.000900,0.000600,0.000400,0.001200,0.002300,0.000600,0.001300,0.000400,0.001000
22877.230798,17920.101478,21373.498338,24637.481431,26888.055987,21431.822993,20672.282953,17205.366040,26994.159982,0.006269,0.006248,0.008456,0.006224,0.004285,0.006212,0.006681,0.003338,0.006063,0.000900,0.000600,0.000300,0.001200,0.002300,0.000600,0.001300,0.000400,0.001000
24483.825621,17372.223921,19599.060102,24849.569094,27496.896625,22848.518895,20687.595066,19075.491539,27586.819137,0.007130,0.005659,0.007366,0.006433,0.004579,0.007600,0.006886,0.005823,0.006348,0.000400,0.001100,0.001300,0.002000,0.001600,0.005900,0.003800,0.000300,0.001000
22887.651374,20364.335536,21771.549596,25435.987589,29409.429478,19264.971128,20032.275852,20765.057870,28068.741577,0.006469,0.008235,0.008842,0.006659,0.005477,0.004467,0.006241,0.007588,0.006565,0.002800,0.000100,0.000800,0.001100,0.001100,0.004900,0.002600,0.001400,0.001000
25309.009734,19166.804075,17983.559678,25938.284110,30871.049462,21729.479514,22099.980235,22240.538354,26661.294836,0.007512,0.007537,0.005627,0.006766,0.006050,0.006722,0.007575,0.008492,0.005893,0.000300,0.000600,0.001000,0.000400,0.000900,0.003100,0.000500,0.000900,0.001000
25309.009734,19166.804075,22011.132130,24553.915129,32000.000000,21729.479514,19929.962223,22240.538354,29059.158840,0.007512,0.007537,0.008690,0.006065,0.006439,0.006722,0.005855,0.008492,0.006974,0.000300,0.000600,0.000100,0.000600,0.000800,0.003100,0.000500,0.000900,0.001000
23203.126927,21204.850818,18444.444444,28136.623879,32361.164299,23069.786500,21742.432533,22013.868858,29823.701743,0.006449,0.008791,0.006086,0.007683,0.006592,0.007192,0.007303,0.008236,0.007260,0.000700,0.000100,0.000600,0.000300,0.001000,0.000200,0.000400,0.000400,0.001000
25244.908136,19969.727551,23115.006761,28141.826136,28851.613533,24127.000559,23884.399975,20354.223106,30311.294244,0.007425,0.008096,0.009268,0.007948,0.005308,0.007841,0.008629,0.007023,0.007431,0.000200,0.000300,0.000100,0.001800,0.001900,0.000300,0.000700,0.000300,0.001000
29336.720603,22451.553310,19862.015557,27789.849581,33333.333333,21595.218785,24706.753340,19333.333333,29591.222158,0.008993,0.009573,0.007298,0.007549,0.006823,0.006234,0.008745,0.006205,0.007175,0.000200,0.000200,0.000200,0.000300,0.000600,0.000300,0.000100,0.000600,0.001000
26705.155428,19777.777778,24542.449241,27841.752603,32534.984806,22894.190462,27935.360338,21894.247776,27874.081569,0.008200,0.007791,0.009978,0.007892,0.006575,0.007141,0.009915,0.008163,0.006479,0.000500,0.000100,0.000200,0.002600,0.000600,0.000300,0.000100,0.000400,0.001000
29311.424275,19777.777778,24542.449241,27841.752603,32534.984806,22894.190462,27935.360338,21894.247776,29267.812722,0.008985,0.007791,0.009978,0.007892,0.006575,0.007141,0.009915,0.008163,0.007054,0.000200,0.000100,0.000200,0.002600,0.000600,0.000300,0.000100,0.000400,0.001000
25901.920175,21908.695505,20666.666667,27445.753591,33021.834150,26623.188369,27167.805020,25104.062982,32160.073542,0.007827,0.009198,0.007980,0.007410,0.006728,0.008792,0.009818,0.009640,0.008008,0.000400,0.000100,0.000300,0.000300,0.000600,0.000100,0.000300,0.000200,0.001000
30430.832885,21111.111111,22476.017023,35111.111111,35111.111111,23242.099610,23735.921471,21111.111111,31670.684566,0.009429,0.008733,0.009037,0.009544,0.007292,0.007352,0.008379,0.007601,0.007865,0.000500,0.000100,0.000200,0.000200,0.000500,0.000300,0.000200,0.000300,0.001000
30430.832885,21111.111111,22476.017023,35111.111111,35111.111111,23242.099610,23735.921471,21555.555556,35226.240121,0.009429,0.008733,0.009037,0.009544,0.007292,0.007352,0.008379,0.007905,0.008779,0.000500,0.000100,0.000200,0.000200,0.000500,0.000300,0.000200,0.000300,0.001000
33493.816559,22000.000000,23911.509280,29674.644066,36000.000000,25287.880537,24949.265129,22000.000000,34682.884429,0.010033,0.009248,0.009629,0.008261,0.007513,0.008340,0.008994,0.008186,0.008656,0.000200,0.000100,0.000100,0.000400,0.000500,0.000200,0.000300,0.000300,0.001000
33493.816559,22000.000000,23911.509280,29674.644066,36000.000000,25287.880537,24949.265129,22000.000000,38682.884429,0.010033,0.009248,0.009629,0.008261,0.007513,0.008340,0.008994,0.008186,0.008656,0.000200,0.000100,0.000100,0.000400,0.000500,0.000200,0.000300,0.000300,0.001000
29160.532917,22888.888889,22888.888889,32614.559512,36888.888889,26824.490420,31813.112991,22888.888889,34031.748604,0.008939,0.009694,0.009248,0.008992,0.007719,0.009009,0.010882,0.008636,0.008502,0.000200,0.000100,0.000200,0.000200,0.000500,0.000300,0.000100,0.000200,0.001000
32033.122717,28131.599116,24406.932395,32421.736749,37333.333333,23333.333333,28507.084040,23333.333333,34499.524984,0.009621,0.011482,0.009835,0.008945,0.007786,0.007405,0.010170,0.008773,0.008613,0.000100,0.000100,0.000100,0.000200,0.000400,0.000300,0.000200,0.000100,0.001000
35011.153381,25604.212985,23777.777778,32833.511565,37777.777778,24266.279058,31728.592830,23777.777778,33222.916848,0.010241,0.010757,0.009572,0.009138,0.007912,0.007912,0.010864,0.009076,0.008298,0.000100,0.000100,0.000100,0.000400,0.000500,0.000300,0.000100,0.000200,0.001000
32790.182706,24222.222222,24222.222222,32669.728349,38222.222222,29362.728063,29884.189783,25928.555995,34697.948437,0.009793,0.010263,0.009760,0.009099,0.007973,0.009761,0.010444,0.009856,0.008659,0.000100,0.000100,0.000100,0.000400,0.000400,0.000200,0.000100,0.000100,0.001000
